77
90
11
44
97
52
42
2
64
21
79
40
58
27
31
33
22
14
14
36
35
49
69
50
56
59
16
44
14
83
76
91
73
39
87
22
91
30
77
56
51
56
48
61
84
79
47
58
45
13
95
81
62
64
31
70
75
48
15
42
31
43
85
56
82
73
31
74
3
8
82
54
16
30
67
52
9
14
11
54
27
58
87
42
22
19
12
49
19
79
43
2
22
29
10
5
2
41
31
5
1
13
11
18
95
78
22
4
45
85
10
72
43
50
66
17
69
79
67
40
58
10
94
33
91
4
38
93
98
21
50
99
34
61
69
29
92
44
85
89
29
47
61
73
49
80
90
18
59
9
10
69
72
4
2
63
61
92
57
59
13
59
10
99
73
32
80
65
76
17
54
5
65
67
30
14
47
21
85
58
30
47
28
2
4
82
18
17
75
75
28
88
34
38
88
7
22
68
24
98
86
30
56
3
50
86
69
49
59
6
8
42
6
88
96
10
22
14
27
97
41
55
38
28
45
26
35
68
46
12
18
84
94
74
39
44
61
61
46
20
67
6
14
73
46
11
35
68
25
14
66
67
69
56
95
67
34
82
35
80
46
53
17
41
80
8
37
41
69
83
13
89
41
28
14
87
39
50
56
16
64
74
83
86
30
30
53
64
13
40
96
11
45
65
52
25
74
42
18
43
25
32
32
67
12
47
6
3
49
62
71
65
88
55
51
70
37
56
34
2
96
83
14
42
48
18
19
22
60
38
66
38
22
50
5
34
49
63
89
98
26
60
64
66
67
15
37
5
24
23
7
20
6
73
14
55
92
34
29
52
72
95
90
46
98
47
80
47
11
69
46
89
81
10
55
49
77
44
54
1
68
13
74
74
87
40
81
31
26
11
83
50
58
74
96
56
73
28
4
36
97
2
25
31
64
33
80
93
77
86
47
45
51
21
72
90
13
53
21
40
64
5
42
75
31
39
31
56
67
87
93
17
89
18
48
5
51
80
99
81
66
46
26
69
19
50
60
32
4
81
24
20
38
67
95
21
58
79
78
77
18
71
94
60
41
94
65
45
74
64
26
92
62
4
62
81
55
74
66
11
55
42
31
94
61
79
67
19
10
45
97
28
16
43
40
10
38
6
55
64
22
33
9
37
37
23
18
44
97
36
55
52
31
39
98
92
70
66
64
80
63
13
60
32
56
1
42
46
59
97
63
33
30
72
70
19
95
41
64
92
29
19
96
60
10
95
53
80
13
69
12
76
82
73
8
38
26
50
37
37
99
0
22
81
72
93
53
19
86
17
11
15
88
7
76
99
54
81
79
67
50
92
96
84
17
56
22
95
59
11
84
58
11
6
92
35
99
45
54
85
14
17
53
2
77
81
53
31
14
85
51
16
77
99
0
46
55
74
93
14
86
77
25
49
83
69
85
35
66
91
72
80
61
25
34
38
6
40
21
72
25
24
88
54
23
88
0
79
63
45
45
49
22
70
50
5
91
87
92
57
79
65
89
92
90
24
30
49
64
3
21
41
28
62
95
51
50
47
82
13
92
28
14
14
50
65
71
42
52
64
51
83
29
41
75
71
65
57
72
81
61
46
22
41
8
69
44
10
16
27
24
8
7
90
74
9
7
97
3
60
61
55
95
42
96
23
66
13
32
90
46
93
36
20
86
96
89
31
7
57
10
83
17
17
73
91
78
81
40
82
93
54
89
40
48
37
63
14
2
96
5
0
41
93
20
80
42
61
11
49
18
21
32
87
90
57
30
68
90
70
2
35
24
43
76
73
80
39
87
34
87
44
34
81
90
6
61
32
67
72
33
37
45
17
24
35
74
54
55
17
77
58
52
1
1
28
74
34
20
14
68
59
10
3
40
0
9
53
84
29
77
17
66
22
86
43
9
13
49
65
30
26
75
82
28
28
63
54
62
83
20
31
94
31
86
87
83
95
40
68
24
70
37
43
92
24
38
54
37
39
19
19
66
46
53
46
74
16
52
37
51
73
20
46
4
6
33
87
53
25
7
30
95
97
25
40
73
63
94
62
2
65
81
20
63
34
66
37
51
19
26
54
44
46
0
48
4
85
87
10
63
47
40
10
44
65
50
17
28
96
79
82
13
12
3
76
46
21
66
49
92
92
4
36
91
4
36
47
42
24
57
5
23
97
67
67
62
18
36
42
66
67
77
32
79
32
60
77
53
26
27
98
71
31
34
62
87
71
61
81
47
19
38
70
16
6
89
31
76
25
25
42
44
54
26
23
86
87
0
92
13
79
90
36
10
24
50
50
47
12
31
46
31
70
16
47
76
57
30
52
34
8
46
78
62
73
53
49
60
6
41
25
85
31
14
48
7
64
98
55
76
29
53
7
99
70
7
75
79
89
79
14
97
26
92
60
51
46
61
63
4
2
40
89
85
54
37
92
19
35
99
47
65
53
7
16
75
14
44
54
55
23
68
5
1
13
65
52
11
78
15
15
32
56
4
17
62
94
61
33
81
13
81
46
18
88
15
45
54
59
51
9
34
20
14
36
85
31
88
96
9
56
63
93
64
19
10
26
13
24
60
95
37
93
93
7
81
8
52
35
19
3
96
54
75
63
90
12
94
30
60
56
38
23
49
2
43
12
81
56
88
93
3
77
86
97
84
19
57
88
6
77
43
54
83
19
17
25
83
64
55
44
72
94
67
73
48
10
85
81
19
25
26
74
2
64
71
38
83
81
26
41
10
70
96
45
41
13
70
24
29
25
68
1
71
88
75
72
98
12
5
69
38
32
44
92
96
67
31
32
0
57
25
62
79
21
7
20
87
77
97
16
3
17
70
26
5
45
50
56
9
56
77
47
40
21
40
88
41
23
72
41
80
98
4
12
19
11
84
58
89
81
27
44
51
97
22
56
94
25
12
3
81
42
3
73
63
95
61
56
18
34
98
50
32
54
62
3
17
47
62
58
80
89
54
31
86
77
88
80
2
52
35
35
94
38
8
10
33
21
66
51
55
16
2
39
70
16
43
88
63
5
98
44
46
53
27
84
82
15
16
84
20
51
71
66
90
31
76
23
52
95
27
60
11
81
99
34
97
42
22
13
99
72
9
45
25
36
81
7
4
97
43
76
49
66
42
39
97
71
14
2
66
41
62
77
74
61
11
24
56
85
37
55
58
98
53
83
86
34
43
90
32
86
66
81
53
61
72
2
32
86
4
98
80
66
27
54
80
91
30
36
76
67
43
86
17
96
22
4
83
65
46
15
3
65
48
56
26
20
11
58
58
15
8
38
34
35
45
14
26
75
2
55
95
97
41
64
46
15
68
29
32
15
96
36
32
44
44
58
16
55
68
74
23
76
65
57
11
62
23
90
37
77
97
84
74
38
49
20
6
69
1
38
36
97
26
68
93
71
26
61
78
94
36
1
22
53
10
86
15
85
76
4
62
73
41
89
63
90
61
21
11
63
12
48
12
38
16
6
61
95
67
92
41
55
45
64
60
56
2
75
41
30
32
56
55
73
45
70
15
6
92
26
69
4
74
34
94
43
40
56
90
59
0
31
67
45
47
27
53
1
55
95
31
87
51
86
60
48
57
75
54
1
53
76
57
80
10
51
75
2
59
65
13
59
48
80
5
48
